4.872424697875976562e+01 6.303224563598632812e+01
4.877332305908203125e+01 6.303068923950195312e+01
4.853953170776367188e+01 6.303041076660156250e+01
4.740067672729492188e+01 6.304883956909179688e+01
4.633765411376953125e+01 6.402409362792968750e+01
4.626839447021484375e+01 6.402253723144531250e+01
4.414450454711914062e+01 6.402221679687500000e+01
4.078569030761718750e+01 6.402206420898437500e+01
3.623337936401367188e+01 6.301442337036132812e+01
3.077848243713378906e+01 5.999426651000976562e+01
2.596911430358886719e+01 5.671645736694335938e+01
2.191548538208007812e+01 5.324597549438476562e+01
2.063250541687011719e+01 4.999405670166015625e+01
2.154488754272460938e+01 4.666594314575195312e+01
2.509666061401367188e+01 4.354563522338867188e+01
3.002116394042968750e+01 4.145644760131835938e+01
3.600157546997070312e+01 4.000029754638671875e+01
4.164236831665039062e+01 3.921483612060546875e+01
4.607411956787109375e+01 3.959476089477539062e+01
4.985569763183593750e+01 4.021052932739257812e+01
5.216473770141601562e+01 4.049006271362304688e+01
5.335891723632812500e+01 4.136155700683593750e+01
5.372182083129882812e+01 4.134447097778320312e+01
5.455752182006835938e+01 4.153145599365234375e+01
5.377696228027343750e+01 4.210419464111328125e+01
4.941567611694335938e+01 4.213712692260742188e+01
4.332164764404296875e+01 4.117647933959960938e+01
3.489289093017578125e+01 4.036678314208984375e+01
2.538994979858398438e+01 3.874342346191406250e+01
1.555844974517822266e+01 3.555848312377929688e+01
7.452726364135742188e+00 3.273091506958007812e+01
3.000488758087158203e+00 3.018305969238281250e+01
9.994302988052368164e-01 2.558167648315429688e+01
2.042856931686401367e+00 2.123318099975585938e+01
4.560725688934326172e+00 1.700122451782226562e+01
9.010615348815917969e+00 1.329275894165039062e+01
1.469891834259033203e+01 9.387975692749023438e+00
2.100257301330566406e+01 6.652928352355957031e+00
2.926886177062988281e+01 4.248541831970214844e+00
3.640645217895507812e+01 2.997664213180541992e+00
4.359483337402343750e+01 1.768429040908813477e+00
5.086516571044921875e+01 1.017643570899963379e+00
5.628692245483398438e+01 9.846595525741577148e-01
5.997722244262695312e+01 1.000293254852294922e+00
6.194239807128906250e+01 9.822690486907958984e-01
6.398807144165039062e+01 1.008727431297302246e+00
6.398714065551757812e+01 1.007990360260009766e+00
6.398708724975585938e+01 1.007957696914672852e+00
6.398656845092773438e+01 1.008378982543945312e+00
6.398683166503906250e+01 1.008454084396362305e+00
